viewingMatrix(front, Point(50, 20, 100) = 
1.000000		0.000000		0.000000		-50.000000		
0.000000		1.000000		0.000000		-20.000000		
0.000000		0.000000		1.000000		-100.000000		
0.000000		0.000000		0.000000		1.000000		


viewingMatrix(left, Point(50, 20, 100) = 
0.000000		0.000000		-1.000000		100.000000		
0.000000		1.000000		0.000000		-20.000000		
1.000000		-0.000000		0.000000		-50.000000		
0.000000		0.000000		0.000000		1.000000		


viewingMatrix(right, Point(50, 20, 100) = 
0.000000		0.000000		1.000000		-100.000000		
0.000000		1.000000		0.000000		-20.000000		
-1.000000		0.000000		0.000000		50.000000		
0.000000		0.000000		0.000000		1.000000		


viewingMatrix(floor, Point(50, 20, 100) = 
1.000000		0.000000		0.000000		-50.000000		
0.000000		0.000000		-1.000000		100.000000		
-0.000000		1.000000		0.000000		-20.000000		
0.000000		0.000000		0.000000		1.000000		


projectionMatrix(front, Point(50, 20, 100), znear=0.1, zfar=100 = 
-0.080000, 0.040000, -0.068000, 0.052000, 0.100000, 100.000000

1.666667		0.000000		-0.333333		0.000000		
0.000000		1.666667		-0.133333		0.000000		
0.000000		0.000000		-1.002002		-0.200200		
0.000000		0.000000		-1.000000		0.000000		


projectionMatrix(left, Point(50, 20, 100), znear=0.1, zfar=100 = 
-0.025000, 0.125000, -0.085000, 0.065000, 0.100000, 100.000000

1.333333		0.000000		0.666667		0.000000		
0.000000		1.333333		-0.133333		0.000000		
0.000000		0.000000		-1.002002		-0.200200		
0.000000		0.000000		-1.000000		0.000000		


projectionMatrix(right, Point(50, 20, 100), znear=0.1, zfar=100 = 
-0.250000, 0.050000, -0.170000, 0.130000, 0.100000, 100.000000

0.666667		0.000000		-0.666667		0.000000		
0.000000		0.666667		-0.133333		0.000000		
0.000000		0.000000		-1.002002		-0.200200		
0.000000		0.000000		-1.000000		0.000000		


projectionMatrix(floor, Point(50, 20, 100), znear=0.1, zfar=100 = 
-0.117647, 0.058824, -0.029412, 0.147059, 0.100000, 100.000000

1.133333		0.000000		-0.333333		0.000000		
0.000000		1.133333		0.666667		0.000000		
0.000000		0.000000		-1.002002		-0.200200		
0.000000		0.000000		-1.000000		0.000000	
